100 0.0921034
0 14
0 37
0 56
0 63
0 65
0 69
0 70
0 81
0 84
0 85
0 98
0 99
1 6
1 15
1 20
1 23
1 45
1 58
1 65
1 67
1 80
2 6
2 33
2 36
2 37
2 42
2 51
2 53
2 54
2 69
2 72
2 84
3 4
3 6
3 35
3 36
3 54
3 81
3 97
4 6
4 8
4 12
4 14
4 21
4 29
4 57
4 67
4 70
5 7
5 22
5 25
5 82
5 85
5 87
6 7
6 11
6 18
6 23
6 35
6 36
6 44
6 61
6 62
6 64
6 87
7 8
7 32
7 49
7 58
7 66
7 68
7 75
7 96
7 97
8 8
8 11
8 19
8 21
8 26
8 29
8 31
8 38
8 39
8 42
8 56
8 66
8 88
9 11
9 24
9 38
9 41
9 42
9 43
9 48
9 57
9 82
10 14
10 17
10 34
10 39
10 49
10 50
10 71
10 72
10 93
10 99
11 31
11 38
11 62
11 66
11 68
12 12
12 19
12 21
12 32
12 33
12 54
12 56
12 68
12 87
12 93
12 99
13 17
13 24
13 56
13 57
13 73
13 75
13 78
13 96
13 98
14 35
14 44
14 84
15 35
15 53
15 56
15 69
15 78
15 80
15 88
15 92
15 95
16 26
16 32
16 35
16 48
16 55
16 69
16 97
16 99
17 29
17 31
17 33
17 94
17 98
18 26
18 29
18 32
18 59
18 62
18 72
18 79
18 84
18 95
19 20
19 33
19 36
19 44
19 47
19 50
19 52
19 53
19 54
19 69
19 72
19 77
19 82
20 30
20 39
20 59
20 60
20 62
20 69
20 72
20 73
20 74
20 76
20 83
21 22
21 24
21 30
21 33
21 36
21 41
21 53
21 55
21 59
21 69
21 74
22 29
22 45
22 72
22 85
22 86
22 89
22 96
23 31
23 37
23 38
23 48
23 77
23 88
24 32
24 60
24 90
24 94
24 96
24 99
25 34
25 43
25 49
25 54
25 61
25 64
25 65
25 75
25 77
25 78
25 80
26 50
26 57
26 96
26 97
27 45
27 61
27 88
28 34
28 51
28 52
28 74
28 82
28 83
28 92
28 95
29 34
29 39
29 54
29 59
29 66
29 75
29 77
29 87
29 98
30 36
30 68
30 71
30 81
30 86
30 87
30 93
30 99
31 45
31 55
31 72
31 75
32 38
32 45
32 49
32 58
32 61
32 63
32 74
32 79
32 94
33 43
33 62
33 77
33 94
34 34
34 50
34 52
34 61
35 47
35 53
35 61
35 75
36 36
36 37
36 52
36 61
36 69
36 83
37 72
37 91
38 50
38 59
38 69
38 70
38 75
38 89
38 91
38 97
39 42
39 61
39 89
39 95
40 41
40 82
40 90
40 94
41 43
41 49
41 54
41 57
41 58
41 68
41 74
41 90
42 49
42 54
42 62
42 63
42 76
42 83
42 86
42 94
42 95
43 66
43 98
44 51
44 52
44 61
44 70
44 76
44 91
44 94
44 96
45 54
45 61
46 49
46 59
46 69
46 81
47 51
47 52
47 56
47 71
47 73
47 92
47 96
47 97
47 99
48 49
48 50
48 51
48 61
48 63
48 64
48 68
48 72
48 86
48 89
49 68
49 85
49 86
50 50
50 70
50 80
51 63
51 69
51 72
51 73
51 74
51 79
51 81
51 89
51 94
51 98
52 54
52 56
52 79
52 87
53 57
53 58
53 62
53 94
54 69
54 74
54 85
55 56
55 85
56 87
57 59
57 63
57 77
57 87
57 95
58 68
58 75
59 64
59 67
59 95
59 99
60 64
60 71
60 94
61 80
61 82
61 98
62 70
62 78
62 91
64 72
64 73
64 80
65 69
65 71
65 79
65 95
66 72
66 97
66 98
66 99
67 72
67 91
68 70
69 70
69 81
70 81
70 82
71 77
71 90
72 79
73 87
73 97
74 75
74 79
74 81
74 91
74 92
74 95
75 81
75 91
75 94
78 85
79 81
79 84
79 88
79 89
79 98
80 80
80 91
81 82
81 84
81 94
81 95
82 82
84 94
84 97
85 85
85 88
85 92
85 95
86 86
87 95
88 99
89 98
90 90
92 98
94 97
